99 99
0.99 0.98 0.97 0.96 0.95 0.94 0.93 0.92 0.91 0.9 0.89 0.88 0.87 0.86 0.85 0.84 0.83 0.82 0.81 0.8 0.79 0.78 0.77 0.76 0.75 0.74 0.73 0.72 0.71 0.7 0.69 0.68 0.67 0.66 0.65 0.64 0.63 0.62 0.61 0.6 0.59 0.58 0.57 0.56 0.55 0.54 0.53 0.52 0.51 0.5 0.49 0.48 0.47 0.46 0.45 0.44 0.43 0.42 0.41 0.4 0.39 0.38 0.37 0.36 0.35 0.34 0.33 0.32 0.31 0.3 0.29 0.28 0.27 0.26 0.25 0.24 0.23 0.22 0.21 0.2 0.19 0.18 0.17 0.16 0.15 0.14 0.13 0.12 0.11 0.1 0.09 0.08 0.07 0.06 0.05 0.04 0.03 0.02 0.01 
0.98 1.96 1.94 1.92 1.9 1.88 1.86 1.84 1.82 1.8 1.78 1.76 1.74 1.72 1.7 1.68 1.66 1.64 1.62 1.6 1.58 1.56 1.54 1.52 1.5 1.48 1.46 1.44 1.42 1.4 1.38 1.36 1.34 1.32 1.3 1.28 1.26 1.24 1.22 1.2 1.18 1.16 1.14 1.12 1.1 1.08 1.06 1.04 1.02 1 0.98 0.96 0.94 0.92 0.9 0.88 0.86 0.84 0.82 0.8 0.78 0.76 0.74 0.72 0.7 0.68 0.66 0.64 0.62 0.6 0.58 0.56 0.54 0.52 0.5 0.48 0.46 0.44 0.42 0.4 0.38 0.36 0.34 0.32 0.3 0.28 0.26 0.24 0.22 0.2 0.18 0.16 0.14 0.12 0.1 0.08 0.06 0.04 0.02 
0.97 1.94 2.91 2.88 2.85 2.82 2.79 2.76 2.73 2.7 2.67 2.64 2.61 2.58 2.55 2.52 2.49 2.46 2.43 2.4 2.37 2.34 2.31 2.28 2.25 2.22 2.19 2.16 2.13 2.1 2.07 2.04 2.01 1.98 1.95 1.92 1.89 1.86 1.83 1.8 1.77 1.74 1.71 1.68 1.65 1.62 1.59 1.56 1.53 1.5 1.47 1.44 1.41 1.38 1.35 1.32 1.29 1.26 1.23 1.2 1.17 1.14 1.11 1.08 1.05 1.02 0.99 0.96 0.93 0.9 0.87 0.84 0.81 0.78 0.75 0.72 0.69 0.66 0.63 0.6 0.57 0.54 0.51 0.48 0.45 0.42 0.39 0.36 0.33 0.3 0.27 0.24 0.21 0.18 0.15 0.12 0.09 0.06 0.03 
0.96 1.92 2.88 3.84 3.8 3.76 3.72 3.68 3.64 3.6 3.56 3.52 3.48 3.44 3.4 3.36 3.32 3.28 3.24 3.2 3.16 3.12 3.08 3.04 3 2.96 2.92 2.88 2.84 2.8 2.76 2.72 2.68 2.64 2.6 2.56 2.52 2.48 2.44 2.4 2.36 2.32 2.28 2.24 2.2 2.16 2.12 2.08 2.04 2 1.96 1.92 1.88 1.84 1.8 1.76 1.72 1.68 1.64 1.6 1.56 1.52 1.48 1.44 1.4 1.36 1.32 1.28 1.24 1.2 1.16 1.12 1.08 1.04 1 0.96 0.92 0.88 0.84 0.8 0.76 0.72 0.68 0.64 0.6 0.56 0.52 0.48 0.44 0.4 0.36 0.32 0.28 0.24 0.2 0.16 0.12 0.08 0.04 
0.95 1.9 2.85 3.8 4.75 4.7 4.65 4.6 4.55 4.5 4.45 4.4 4.35 4.3 4.25 4.2 4.15 4.1 4.05 4 3.95 3.9 3.85 3.8 3.75 3.7 3.65 3.6 3.55 3.5 3.45 3.4 3.35 3.3 3.25 3.2 3.15 3.1 3.05 3 2.95 2.9 2.85 2.8 2.75 2.7 2.65 2.6 2.55 2.5 2.45 2.4 2.35 2.3 2.25 2.2 2.15 2.1 2.05 2 1.95 1.9 1.85 1.8 1.75 1.7 1.65 1.6 1.55 1.5 1.45 1.4 1.35 1.3 1.25 1.2 1.15 1.1 1.05 1 0.95 0.9 0.85 0.8 0.75 0.7 0.65 0.6 0.55 0.5 0.45 0.4 0.35 0.3 0.25 0.2 0.15 0.1 0.05 
0.94 1.88 2.82 3.76 4.7 5.64 5.58 5.52 5.46 5.4 5.34 5.28 5.22 5.16 5.1 5.04 4.98 4.92 4.86 4.8 4.74 4.68 4.62 4.56 4.5 4.44 4.38 4.32 4.26 4.2 4.14 4.08 4.02 3.96 3.9 3.84 3.78 3.72 3.66 3.6 3.54 3.48 3.42 3.36 3.3 3.24 3.18 3.12 3.06 3 2.94 2.88 2.82 2.76 2.7 2.64 2.58 2.52 2.46 2.4 2.34 2.28 2.22 2.16 2.1 2.04 1.98 1.92 1.86 1.8 1.74 1.68 1.62 1.56 1.5 1.44 1.38 1.32 1.26 1.2 1.14 1.08 1.02 0.96 0.9 0.84 0.78 0.72 0.66 0.6 0.54 0.48 0.42 0.36 0.3 0.24 0.18 0.12 0.06 
0.93 1.86 2.79 3.72 4.65 5.58 6.51 6.44 6.37 6.3 6.23 6.16 6.09 6.02 5.95 5.88 5.81 5.74 5.67 5.6 5.53 5.46 5.39 5.32 5.25 5.18 5.11 5.04 4.97 4.9 4.83 4.76 4.69 4.62 4.55 4.48 4.41 4.34 4.27 4.2 4.13 4.06 3.99 3.92 3.85 3.78 3.71 3.64 3.57 3.5 3.43 3.36 3.29 3.22 3.15 3.08 3.01 2.94 2.87 2.8 2.73 2.66 2.59 2.52 2.45 2.38 2.31 2.24 2.17 2.1 2.03 1.96 1.89 1.82 1.75 1.68 1.61 1.54 1.47 1.4 1.33 1.26 1.19 1.12 1.05 0.98 0.91 0.84 0.77 0.7 0.63 0.56 0.49 0.42 0.35 0.28 0.21 0.14 0.07 
0.92 1.84 2.76 3.68 4.6 5.52 6.44 7.36 7.28 7.2 7.12 7.04 6.96 6.88 6.8 6.72 6.64 6.56 6.48 6.4 6.32 6.24 6.16 6.08 6 5.92 5.84 5.76 5.68 5.6 5.52 5.44 5.36 5.28 5.2 5.12 5.04 4.96 4.88 4.8 4.72 4.64 4.56 4.48 4.4 4.32 4.24 4.16 4.08 4 3.92 3.84 3.76 3.68 3.6 3.52 3.44 3.36 3.28 3.2 3.12 3.04 2.96 2.88 2.8 2.72 2.64 2.56 2.48 2.4 2.32 2.24 2.16 2.08 2 1.92 1.84 1.76 1.68 1.6 1.52 1.44 1.36 1.28 1.2 1.12 1.04 0.96 0.88 0.8 0.72 0.64 0.56 0.48 0.4 0.32 0.24 0.16 0.08 
0.91 1.82 2.73 3.64 4.55 5.46 6.37 7.28 8.19 8.1 8.01 7.92 7.83 7.74 7.65 7.56 7.47 7.38 7.29 7.2 7.11 7.02 6.93 6.84 6.75 6.66 6.57 6.48 6.39 6.3 6.21 6.12 6.03 5.94 5.85 5.76 5.67 5.58 5.49 5.4 5.31 5.22 5.13 5.04 4.95 4.86 4.77 4.68 4.59 4.5 4.41 4.32 4.23 4.14 4.05 3.96 3.87 3.78 3.69 3.6 3.51 3.42 3.33 3.24 3.15 3.06 2.97 2.88 2.79 2.7 2.61 2.52 2.43 2.34 2.25 2.16 2.07 1.98 1.89 1.8 1.71 1.62 1.53 1.44 1.35 1.26 1.17 1.08 0.99 0.9 0.81 0.72 0.63 0.54 0.45 0.36 0.27 0.18 0.09 
0.9 1.8 2.7 3.6 4.5 5.4 6.3 7.2 8.1 9 8.9 8.8 8.7 8.6 8.5 8.4 8.3 8.2 8.1 8 7.9 7.8 7.7 7.6 7.5 7.4 7.3 7.2 7.1 7 6.9 6.8 6.7 6.6 6.5 6.4 6.3 6.2 6.1 6 5.9 5.8 5.7 5.6 5.5 5.4 5.3 5.2 5.1 5 4.9 4.8 4.7 4.6 4.5 4.4 4.3 4.2 4.1 4 3.9 3.8 3.7 3.6 3.5 3.4 3.3 3.2 3.1 3 2.9 2.8 2.7 2.6 2.5 2.4 2.3 2.2 2.1 2 1.9 1.8 1.7 1.6 1.5 1.4 1.3 1.2 1.1 1 0.9 0.8 0.7 0.6 0.5 0.4 0.3 0.2 0.1 
0.89 1.78 2.67 3.56 4.45 5.34 6.23 7.12 8.01 8.9 9.79 9.68 9.57 9.46 9.35 9.24 9.13 9.02 8.91 8.8 8.69 8.58 8.47 8.36 8.25 8.14 8.03 7.92 7.81 7.7 7.59 7.48 7.37 7.26 7.15 7.04 6.93 6.82 6.71 6.6 6.49 6.38 6.27 6.16 6.05 5.94 5.83 5.72 5.61 5.5 5.39 5.28 5.17 5.06 4.95 4.84 4.73 4.62 4.51 4.4 4.29 4.18 4.07 3.96 3.85 3.74 3.63 3.52 3.41 3.3 3.19 3.08 2.97 2.86 2.75 2.64 2.53 2.42 2.31 2.2 2.09 1.98 1.87 1.76 1.65 1.54 1.43 1.32 1.21 1.1 0.99 0.88 0.77 0.66 0.55 0.44 0.33 0.22 0.11 
0.88 1.76 2.64 3.52 4.4 5.28 6.16 7.04 7.92 8.8 9.68 10.56 10.44 10.32 10.2 10.08 9.96 9.84 9.72 9.6 9.48 9.36 9.24 9.12 9 8.88 8.76 8.64 8.52 8.4 8.28 8.16 8.04 7.92 7.8 7.68 7.56 7.44 7.32 7.2 7.08 6.96 6.84 6.72 6.6 6.48 6.36 6.24 6.12 6 5.88 5.76 5.64 5.52 5.4 5.28 5.16 5.04 4.92 4.8 4.68 4.56 4.44 4.32 4.2 4.08 3.96 3.84 3.72 3.6 3.48 3.36 3.24 3.12 3 2.88 2.76 2.64 2.52 2.4 2.28 2.16 2.04 1.92 1.8 1.68 1.56 1.44 1.32 1.2 1.08 0.96 0.84 0.72 0.6 0.48 0.36 0.24 0.12 
0.87 1.74 2.61 3.48 4.35 5.22 6.09 6.96 7.83 8.7 9.57 10.44 11.31 11.18 11.05 10.92 10.79 10.66 10.53 10.4 10.27 10.14 10.01 9.88 9.75 9.62 9.49 9.36 9.23 9.1 8.97 8.84 8.71 8.58 8.45 8.32 8.19 8.06 7.93 7.8 7.67 7.54 7.41 7.28 7.15 7.02 6.89 6.76 6.63 6.5 6.37 6.24 6.11 5.98 5.85 5.72 5.59 5.46 5.33 5.2 5.07 4.94 4.81 4.68 4.55 4.42 4.29 4.16 4.03 3.9 3.77 3.64 3.51 3.38 3.25 3.12 2.99 2.86 2.73 2.6 2.47 2.34 2.21 2.08 1.95 1.82 1.69 1.56 1.43 1.3 1.17 1.04 0.91 0.78 0.65 0.52 0.39 0.26 0.13 
0.86 1.72 2.58 3.44 4.3 5.16 6.02 6.88 7.74 8.6 9.46 10.32 11.18 12.04 11.9 11.76 11.62 11.48 11.34 11.2 11.06 10.92 10.78 10.64 10.5 10.36 10.22 10.08 9.94 9.8 9.66 9.52 9.38 9.24 9.1 8.96 8.82 8.68 8.54 8.4 8.26 8.12 7.98 7.84 7.7 7.56 7.42 7.28 7.14 7 6.86 6.72 6.58 6.44 6.3 6.16 6.02 5.88 5.74 5.6 5.46 5.32 5.18 5.04 4.9 4.76 4.62 4.48 4.34 4.2 4.06 3.92 3.78 3.64 3.5 3.36 3.22 3.08 2.94 2.8 2.66 2.52 2.38 2.24 2.1 1.96 1.82 1.68 1.54 1.4 1.26 1.12 0.98 0.84 0.7 0.56 0.42 0.28 0.14 
0.85 1.7 2.55 3.4 4.25 5.1 5.95 6.8 7.65 8.5 9.35 10.2 11.05 11.9 12.75 12.6 12.45 12.3 12.15 12 11.85 11.7 11.55 11.4 11.25 11.1 10.95 10.8 10.65 10.5 10.35 10.2 10.05 9.9 9.75 9.6 9.45 9.3 9.15 9 8.85 8.7 8.55 8.4 8.25 8.1 7.95 7.8 7.65 7.5 7.35 7.2 7.05 6.9 6.75 6.6 6.45 6.3 6.15 6 5.85 5.7 5.55 5.4 5.25 5.1 4.95 4.8 4.65 4.5 4.35 4.2 4.05 3.9 3.75 3.6 3.45 3.3 3.15 3 2.85 2.7 2.55 2.4 2.25 2.1 1.95 1.8 1.65 1.5 1.35 1.2 1.05 0.9 0.75 0.6 0.45 0.3 0.15 
0.84 1.68 2.52 3.36 4.2 5.04 5.88 6.72 7.56 8.4 9.24 10.08 10.92 11.76 12.6 13.44 13.28 13.12 12.96 12.8 12.64 12.48 12.32 12.16 12 11.84 11.68 11.52 11.36 11.2 11.04 10.88 10.72 10.56 10.4 10.24 10.08 9.92 9.76 9.6 9.44 9.28 9.12 8.96 8.8 8.64 8.48 8.32 8.16 8 7.84 7.68 7.52 7.36 7.2 7.04 6.88 6.72 6.56 6.4 6.24 6.08 5.92 5.76 5.6 5.44 5.28 5.12 4.96 4.8 4.64 4.48 4.32 4.16 4 3.84 3.68 3.52 3.36 3.2 3.04 2.88 2.72 2.56 2.4 2.24 2.08 1.92 1.76 1.6 1.44 1.28 1.12 0.96 0.8 0.64 0.48 0.32 0.16 
0.83 1.66 2.49 3.32 4.15 4.98 5.81 6.64 7.47 8.3 9.13 9.96 10.79 11.62 12.45 13.28 14.11 13.94 13.77 13.6 13.43 13.26 13.09 12.92 12.75 12.58 12.41 12.24 12.07 11.9 11.73 11.56 11.39 11.22 11.05 10.88 10.71 10.54 10.37 10.2 10.03 9.86 9.69 9.52 9.35 9.18 9.01 8.84 8.67 8.5 8.33 8.16 7.99 7.82 7.65 7.48 7.31 7.14 6.97 6.8 6.63 6.46 6.29 6.12 5.95 5.78 5.61 5.44 5.27 5.1 4.93 4.76 4.59 4.42 4.25 4.08 3.91 3.74 3.57 3.4 3.23 3.06 2.89 2.72 2.55 2.38 2.21 2.04 1.87 1.7 1.53 1.36 1.19 1.02 0.85 0.68 0.51 0.34 0.17 
0.82 1.64 2.46 3.28 4.1 4.92 5.74 6.56 7.38 8.2 9.02 9.84 10.66 11.48 12.3 13.12 13.94 14.76 14.58 14.4 14.22 14.04 13.86 13.68 13.5 13.32 13.14 12.96 12.78 12.6 12.42 12.24 12.06 11.88 11.7 11.52 11.34 11.16 10.98 10.8 10.62 10.44 10.26 10.08 9.9 9.72 9.54 9.36 9.18 9 8.82 8.64 8.46 8.28 8.1 7.92 7.74 7.56 7.38 7.2 7.02 6.84 6.66 6.48 6.3 6.12 5.94 5.76 5.58 5.4 5.22 5.04 4.86 4.68 4.5 4.32 4.14 3.96 3.78 3.6 3.42 3.24 3.06 2.88 2.7 2.52 2.34 2.16 1.98 1.8 1.62 1.44 1.26 1.08 0.9 0.72 0.54 0.36 0.18 
0.81 1.62 2.43 3.24 4.05 4.86 5.67 6.48 7.29 8.1 8.91 9.72 10.53 11.34 12.15 12.96 13.77 14.58 15.39 15.2 15.01 14.82 14.63 14.44 14.25 14.06 13.87 13.68 13.49 13.3 13.11 12.92 12.73 12.54 12.35 12.16 11.97 11.78 11.59 11.4 11.21 11.02 10.83 10.64 10.45 10.26 10.07 9.88 9.69 9.5 9.31 9.12 8.93 8.74 8.55 8.36 8.17 7.98 7.79 7.6 7.41 7.22 7.03 6.84 6.65 6.46 6.27 6.08 5.89 5.7 5.51 5.32 5.13 4.94 4.75 4.56 4.37 4.18 3.99 3.8 3.61 3.42 3.23 3.04 2.85 2.66 2.47 2.28 2.09 1.9 1.71 1.52 1.33 1.14 0.95 0.76 0.57 0.38 0.19 
0.8 1.6 2.4 3.2 4 4.8 5.6 6.4 7.2 8 8.8 9.6 10.4 11.2 12 12.8 13.6 14.4 15.2 16 15.8 15.6 15.4 15.2 15 14.8 14.6 14.4 14.2 14 13.8 13.6 13.4 13.2 13 12.8 12.6 12.4 12.2 12 11.8 11.6 11.4 11.2 11 10.8 10.6 10.4 10.2 10 9.8 9.6 9.4 9.2 9 8.8 8.6 8.4 8.2 8 7.8 7.6 7.4 7.2 7 6.8 6.6 6.4 6.2 6 5.8 5.6 5.4 5.2 5 4.8 4.6 4.4 4.2 4 3.8 3.6 3.4 3.2 3 2.8 2.6 2.4 2.2 2 1.8 1.6 1.4 1.2 1 0.8 0.6 0.4 0.2 
0.79 1.58 2.37 3.16 3.95 4.74 5.53 6.32 7.11 7.9 8.69 9.48 10.27 11.06 11.85 12.64 13.43 14.22 15.01 15.8 16.59 16.38 16.17 15.96 15.75 15.54 15.33 15.12 14.91 14.7 14.49 14.28 14.07 13.86 13.65 13.44 13.23 13.02 12.81 12.6 12.39 12.18 11.97 11.76 11.55 11.34 11.13 10.92 10.71 10.5 10.29 10.08 9.87 9.66 9.45 9.24 9.03 8.82 8.61 8.4 8.19 7.98 7.77 7.56 7.35 7.14 6.93 6.72 6.51 6.3 6.09 5.88 5.67 5.46 5.25 5.04 4.83 4.62 4.41 4.2 3.99 3.78 3.57 3.36 3.15 2.94 2.73 2.52 2.31 2.1 1.89 1.68 1.47 1.26 1.05 0.84 0.63 0.42 0.21 
0.78 1.56 2.34 3.12 3.9 4.68 5.46 6.24 7.02 7.8 8.58 9.36 10.14 10.92 11.7 12.48 13.26 14.04 14.82 15.6 16.38 17.16 16.94 16.72 16.5 16.28 16.06 15.84 15.62 15.4 15.18 14.96 14.74 14.52 14.3 14.08 13.86 13.64 13.42 13.2 12.98 12.76 12.54 12.32 12.1 11.88 11.66 11.44 11.22 11 10.78 10.56 10.34 10.12 9.9 9.68 9.46 9.24 9.02 8.8 8.58 8.36 8.14 7.92 7.7 7.48 7.26 7.04 6.82 6.6 6.38 6.16 5.94 5.72 5.5 5.28 5.06 4.84 4.62 4.4 4.18 3.96 3.74 3.52 3.3 3.08 2.86 2.64 2.42 2.2 1.98 1.76 1.54 1.32 1.1 0.88 0.66 0.44 0.22 
0.77 1.54 2.31 3.08 3.85 4.62 5.39 6.16 6.93 7.7 8.47 9.24 10.01 10.78 11.55 12.32 13.09 13.86 14.63 15.4 16.17 16.94 17.71 17.48 17.25 17.02 16.79 16.56 16.33 16.1 15.87 15.64 15.41 15.18 14.95 14.72 14.49 14.26 14.03 13.8 13.57 13.34 13.11 12.88 12.65 12.42 12.19 11.96 11.73 11.5 11.27 11.04 10.81 10.58 10.35 10.12 9.89 9.66 9.43 9.2 8.97 8.74 8.51 8.28 8.05 7.82 7.59 7.36 7.13 6.9 6.67 6.44 6.21 5.98 5.75 5.52 5.29 5.06 4.83 4.6 4.37 4.14 3.91 3.68 3.45 3.22 2.99 2.76 2.53 2.3 2.07 1.84 1.61 1.38 1.15 0.92 0.69 0.46 0.23 
0.76 1.52 2.28 3.04 3.8 4.56 5.32 6.08 6.84 7.6 8.36 9.12 9.88 10.64 11.4 12.16 12.92 13.68 14.44 15.2 15.96 16.72 17.48 18.24 18 17.76 17.52 17.28 17.04 16.8 16.56 16.32 16.08 15.84 15.6 15.36 15.12 14.88 14.64 14.4 14.16 13.92 13.68 13.44 13.2 12.96 12.72 12.48 12.24 12 11.76 11.52 11.28 11.04 10.8 10.56 10.32 10.08 9.84 9.6 9.36 9.12 8.88 8.64 8.4 8.16 7.92 7.68 7.44 7.2 6.96 6.72 6.48 6.24 6 5.76 5.52 5.28 5.04 4.8 4.56 4.32 4.08 3.84 3.6 3.36 3.12 2.88 2.64 2.4 2.16 1.92 1.68 1.44 1.2 0.96 0.72 0.48 0.24 
0.75 1.5 2.25 3 3.75 4.5 5.25 6 6.75 7.5 8.25 9 9.75 10.5 11.25 12 12.75 13.5 14.25 15 15.75 16.5 17.25 18 18.75 18.5 18.25 18 17.75 17.5 17.25 17 16.75 16.5 16.25 16 15.75 15.5 15.25 15 14.75 14.5 14.25 14 13.75 13.5 13.25 13 12.75 12.5 12.25 12 11.75 11.5 11.25 11 10.75 10.5 10.25 10 9.75 9.5 9.25 9 8.75 8.5 8.25 8 7.75 7.5 7.25 7 6.75 6.5 6.25 6 5.75 5.5 5.25 5 4.75 4.5 4.25 4 3.75 3.5 3.25 3 2.75 2.5 2.25 2 1.75 1.5 1.25 1 0.75 0.5 0.25 
0.74 1.48 2.22 2.96 3.7 4.44 5.18 5.92 6.66 7.4 8.14 8.88 9.62 10.36 11.1 11.84 12.58 13.32 14.06 14.8 15.54 16.28 17.02 17.76 18.5 19.24 18.98 18.72 18.46 18.2 17.94 17.68 17.42 17.16 16.9 16.64 16.38 16.12 15.86 15.6 15.34 15.08 14.82 14.56 14.3 14.04 13.78 13.52 13.26 13 12.74 12.48 12.22 11.96 11.7 11.44 11.18 10.92 10.66 10.4 10.14 9.88 9.62 9.36 9.1 8.84 8.58 8.32 8.06 7.8 7.54 7.28 7.02 6.76 6.5 6.24 5.98 5.72 5.46 5.2 4.94 4.68 4.42 4.16 3.9 3.64 3.38 3.12 2.86 2.6 2.34 2.08 1.82 1.56 1.3 1.04 0.78 0.52 0.26 
0.73 1.46 2.19 2.92 3.65 4.38 5.11 5.84 6.57 7.3 8.03 8.76 9.49 10.22 10.95 11.68 12.41 13.14 13.87 14.6 15.33 16.06 16.79 17.52 18.25 18.98 19.71 19.44 19.17 18.9 18.63 18.36 18.09 17.82 17.55 17.28 17.01 16.74 16.47 16.2 15.93 15.66 15.39 15.12 14.85 14.58 14.31 14.04 13.77 13.5 13.23 12.96 12.69 12.42 12.15 11.88 11.61 11.34 11.07 10.8 10.53 10.26 9.99 9.72 9.45 9.18 8.91 8.64 8.37 8.1 7.83 7.56 7.29 7.02 6.75 6.48 6.21 5.94 5.67 5.4 5.13 4.86 4.59 4.32 4.05 3.78 3.51 3.24 2.97 2.7 2.43 2.16 1.89 1.62 1.35 1.08 0.81 0.54 0.27 
0.72 1.44 2.16 2.88 3.6 4.32 5.04 5.76 6.48 7.2 7.92 8.64 9.36 10.08 10.8 11.52 12.24 12.96 13.68 14.4 15.12 15.84 16.56 17.28 18 18.72 19.44 20.16 19.88 19.6 19.32 19.04 18.76 18.48 18.2 17.92 17.64 17.36 17.08 16.8 16.52 16.24 15.96 15.68 15.4 15.12 14.84 14.56 14.28 14 13.72 13.44 13.16 12.88 12.6 12.32 12.04 11.76 11.48 11.2 10.92 10.64 10.36 10.08 9.8 9.52 9.24 8.96 8.68 8.4 8.12 7.84 7.56 7.28 7 6.72 6.44 6.16 5.88 5.6 5.32 5.04 4.76 4.48 4.2 3.92 3.64 3.36 3.08 2.8 2.52 2.24 1.96 1.68 1.4 1.12 0.84 0.56 0.28 
0.71 1.42 2.13 2.84 3.55 4.26 4.97 5.68 6.39 7.1 7.81 8.52 9.23 9.94 10.65 11.36 12.07 12.78 13.49 14.2 14.91 15.62 16.33 17.04 17.75 18.46 19.17 19.88 20.59 20.3 20.01 19.72 19.43 19.14 18.85 18.56 18.27 17.98 17.69 17.4 17.11 16.82 16.53 16.24 15.95 15.66 15.37 15.08 14.79 14.5 14.21 13.92 13.63 13.34 13.05 12.76 12.47 12.18 11.89 11.6 11.31 11.02 10.73 10.44 10.15 9.86 9.57 9.28 8.99 8.7 8.41 8.12 7.83 7.54 7.25 6.96 6.67 6.38 6.09 5.8 5.51 5.22 4.93 4.64 4.35 4.06 3.77 3.48 3.19 2.9 2.61 2.32 2.03 1.74 1.45 1.16 0.87 0.58 0.29 
0.7 1.4 2.1 2.8 3.5 4.2 4.9 5.6 6.3 7 7.7 8.4 9.1 9.8 10.5 11.2 11.9 12.6 13.3 14 14.7 15.4 16.1 16.8 17.5 18.2 18.9 19.6 20.3 21 20.7 20.4 20.1 19.8 19.5 19.2 18.9 18.6 18.3 18 17.7 17.4 17.1 16.8 16.5 16.2 15.9 15.6 15.3 15 14.7 14.4 14.1 13.8 13.5 13.2 12.9 12.6 12.3 12 11.7 11.4 11.1 10.8 10.5 10.2 9.9 9.6 9.3 9 8.7 8.4 8.1 7.8 7.5 7.2 6.9 6.6 6.3 6 5.7 5.4 5.1 4.8 4.5 4.2 3.9 3.6 3.3 3 2.7 2.4 2.1 1.8 1.5 1.2 0.9 0.6 0.3 
0.69 1.38 2.07 2.76 3.45 4.14 4.83 5.52 6.21 6.9 7.59 8.28 8.97 9.66 10.35 11.04 11.73 12.42 13.11 13.8 14.49 15.18 15.87 16.56 17.25 17.94 18.63 19.32 20.01 20.7 21.39 21.08 20.77 20.46 20.15 19.84 19.53 19.22 18.91 18.6 18.29 17.98 17.67 17.36 17.05 16.74 16.43 16.12 15.81 15.5 15.19 14.88 14.57 14.26 13.95 13.64 13.33 13.02 12.71 12.4 12.09 11.78 11.47 11.16 10.85 10.54 10.23 9.92 9.61 9.3 8.99 8.68 8.37 8.06 7.75 7.44 7.13 6.82 6.51 6.2 5.89 5.58 5.27 4.96 4.65 4.34 4.03 3.72 3.41 3.1 2.79 2.48 2.17 1.86 1.55 1.24 0.93 0.62 0.31 
0.68 1.36 2.04 2.72 3.4 4.08 4.76 5.44 6.12 6.8 7.48 8.16 8.84 9.52 10.2 10.88 11.56 12.24 12.92 13.6 14.28 14.96 15.64 16.32 17 17.68 18.36 19.04 19.72 20.4 21.08 21.76 21.44 21.12 20.8 20.48 20.16 19.84 19.52 19.2 18.88 18.56 18.24 17.92 17.6 17.28 16.96 16.64 16.32 16 15.68 15.36 15.04 14.72 14.4 14.08 13.76 13.44 13.12 12.8 12.48 12.16 11.84 11.52 11.2 10.88 10.56 10.24 9.92 9.6 9.28 8.96 8.64 8.32 8 7.68 7.36 7.04 6.72 6.4 6.08 5.76 5.44 5.12 4.8 4.48 4.16 3.84 3.52 3.2 2.88 2.56 2.24 1.92 1.6 1.28 0.96 0.64 0.32 
0.67 1.34 2.01 2.68 3.35 4.02 4.69 5.36 6.03 6.7 7.37 8.04 8.71 9.38 10.05 10.72 11.39 12.06 12.73 13.4 14.07 14.74 15.41 16.08 16.75 17.42 18.09 18.76 19.43 20.1 20.77 21.44 22.11 21.78 21.45 21.12 20.79 20.46 20.13 19.8 19.47 19.14 18.81 18.48 18.15 17.82 17.49 17.16 16.83 16.5 16.17 15.84 15.51 15.18 14.85 14.52 14.19 13.86 13.53 13.2 12.87 12.54 12.21 11.88 11.55 11.22 10.89 10.56 10.23 9.9 9.57 9.24 8.91 8.58 8.25 7.92 7.59 7.26 6.93 6.6 6.27 5.94 5.61 5.28 4.95 4.62 4.29 3.96 3.63 3.3 2.97 2.64 2.31 1.98 1.65 1.32 0.99 0.66 0.33 
0.66 1.32 1.98 2.64 3.3 3.96 4.62 5.28 5.94 6.6 7.26 7.92 8.58 9.24 9.9 10.56 11.22 11.88 12.54 13.2 13.86 14.52 15.18 15.84 16.5 17.16 17.82 18.48 19.14 19.8 20.46 21.12 21.78 22.44 22.1 21.76 21.42 21.08 20.74 20.4 20.06 19.72 19.38 19.04 18.7 18.36 18.02 17.68 17.34 17 16.66 16.32 15.98 15.64 15.3 14.96 14.62 14.28 13.94 13.6 13.26 12.92 12.58 12.24 11.9 11.56 11.22 10.88 10.54 10.2 9.86 9.52 9.18 8.84 8.5 8.16 7.82 7.48 7.14 6.8 6.46 6.12 5.78 5.44 5.1 4.76 4.42 4.08 3.74 3.4 3.06 2.72 2.38 2.04 1.7 1.36 1.02 0.68 0.34 
0.65 1.3 1.95 2.6 3.25 3.9 4.55 5.2 5.85 6.5 7.15 7.8 8.45 9.1 9.75 10.4 11.05 11.7 12.35 13 13.65 14.3 14.95 15.6 16.25 16.9 17.55 18.2 18.85 19.5 20.15 20.8 21.45 22.1 22.75 22.4 22.05 21.7 21.35 21 20.65 20.3 19.95 19.6 19.25 18.9 18.55 18.2 17.85 17.5 17.15 16.8 16.45 16.1 15.75 15.4 15.05 14.7 14.35 14 13.65 13.3 12.95 12.6 12.25 11.9 11.55 11.2 10.85 10.5 10.15 9.8 9.45 9.1 8.75 8.4 8.05 7.7 7.35 7 6.65 6.3 5.95 5.6 5.25 4.9 4.55 4.2 3.85 3.5 3.15 2.8 2.45 2.1 1.75 1.4 1.05 0.7 0.35 
0.64 1.28 1.92 2.56 3.2 3.84 4.48 5.12 5.76 6.4 7.04 7.68 8.32 8.96 9.6 10.24 10.88 11.52 12.16 12.8 13.44 14.08 14.72 15.36 16 16.64 17.28 17.92 18.56 19.2 19.84 20.48 21.12 21.76 22.4 23.04 22.68 22.32 21.96 21.6 21.24 20.88 20.52 20.16 19.8 19.44 19.08 18.72 18.36 18 17.64 17.28 16.92 16.56 16.2 15.84 15.48 15.12 14.76 14.4 14.04 13.68 13.32 12.96 12.6 12.24 11.88 11.52 11.16 10.8 10.44 10.08 9.72 9.36 9 8.64 8.28 7.92 7.56 7.2 6.84 6.48 6.12 5.76 5.4 5.04 4.68 4.32 3.96 3.6 3.24 2.88 2.52 2.16 1.8 1.44 1.08 0.72 0.36 
0.63 1.26 1.89 2.52 3.15 3.78 4.41 5.04 5.67 6.3 6.93 7.56 8.19 8.82 9.45 10.08 10.71 11.34 11.97 12.6 13.23 13.86 14.49 15.12 15.75 16.38 17.01 17.64 18.27 18.9 19.53 20.16 20.79 21.42 22.05 22.68 23.31 22.94 22.57 22.2 21.83 21.46 21.09 20.72 20.35 19.98 19.61 19.24 18.87 18.5 18.13 17.76 17.39 17.02 16.65 16.28 15.91 15.54 15.17 14.8 14.43 14.06 13.69 13.32 12.95 12.58 12.21 11.84 11.47 11.1 10.73 10.36 9.99 9.62 9.25 8.88 8.51 8.14 7.77 7.4 7.03 6.66 6.29 5.92 5.55 5.18 4.81 4.44 4.07 3.7 3.33 2.96 2.59 2.22 1.85 1.48 1.11 0.74 0.37 
0.62 1.24 1.86 2.48 3.1 3.72 4.34 4.96 5.58 6.2 6.82 7.44 8.06 8.68 9.3 9.92 10.54 11.16 11.78 12.4 13.02 13.64 14.26 14.88 15.5 16.12 16.74 17.36 17.98 18.6 19.22 19.84 20.46 21.08 21.7 22.32 22.94 23.56 23.18 22.8 22.42 22.04 21.66 21.28 20.9 20.52 20.14 19.76 19.38 19 18.62 18.24 17.86 17.48 17.1 16.72 16.34 15.96 15.58 15.2 14.82 14.44 14.06 13.68 13.3 12.92 12.54 12.16 11.78 11.4 11.02 10.64 10.26 9.88 9.5 9.12 8.74 8.36 7.98 7.6 7.22 6.84 6.46 6.08 5.7 5.32 4.94 4.56 4.18 3.8 3.42 3.04 2.66 2.28 1.9 1.52 1.14 0.76 0.38 
0.61 1.22 1.83 2.44 3.05 3.66 4.27 4.88 5.49 6.1 6.71 7.32 7.93 8.54 9.15 9.76 10.37 10.98 11.59 12.2 12.81 13.42 14.03 14.64 15.25 15.86 16.47 17.08 17.69 18.3 18.91 19.52 20.13 20.74 21.35 21.96 22.57 23.18 23.79 23.4 23.01 22.62 22.23 21.84 21.45 21.06 20.67 20.28 19.89 19.5 19.11 18.72 18.33 17.94 17.55 17.16 16.77 16.38 15.99 15.6 15.21 14.82 14.43 14.04 13.65 13.26 12.87 12.48 12.09 11.7 11.31 10.92 10.53 10.14 9.75 9.36 8.97 8.58 8.19 7.8 7.41 7.02 6.63 6.24 5.85 5.46 5.07 4.68 4.29 3.9 3.51 3.12 2.73 2.34 1.95 1.56 1.17 0.78 0.39 
0.6 1.2 1.8 2.4 3 3.6 4.2 4.8 5.4 6 6.6 7.2 7.8 8.4 9 9.6 10.2 10.8 11.4 12 12.6 13.2 13.8 14.4 15 15.6 16.2 16.8 17.4 18 18.6 19.2 19.8 20.4 21 21.6 22.2 22.8 23.4 24 23.6 23.2 22.8 22.4 22 21.6 21.2 20.8 20.4 20 19.6 19.2 18.8 18.4 18 17.6 17.2 16.8 16.4 16 15.6 15.2 14.8 14.4 14 13.6 13.2 12.8 12.4 12 11.6 11.2 10.8 10.4 10 9.6 9.2 8.8 8.4 8 7.6 7.2 6.8 6.4 6 5.6 5.2 4.8 4.4 4 3.6 3.2 2.8 2.4 2 1.6 1.2 0.8 0.4 
0.59 1.18 1.77 2.36 2.95 3.54 4.13 4.72 5.31 5.9 6.49 7.08 7.67 8.26 8.85 9.44 10.03 10.62 11.21 11.8 12.39 12.98 13.57 14.16 14.75 15.34 15.93 16.52 17.11 17.7 18.29 18.88 19.47 20.06 20.65 21.24 21.83 22.42 23.01 23.6 24.19 23.78 23.37 22.96 22.55 22.14 21.73 21.32 20.91 20.5 20.09 19.68 19.27 18.86 18.45 18.04 17.63 17.22 16.81 16.4 15.99 15.58 15.17 14.76 14.35 13.94 13.53 13.12 12.71 12.3 11.89 11.48 11.07 10.66 10.25 9.84 9.43 9.02 8.61 8.2 7.79 7.38 6.97 6.56 6.15 5.74 5.33 4.92 4.51 4.1 3.69 3.28 2.87 2.46 2.05 1.64 1.23 0.82 0.41 
0.58 1.16 1.74 2.32 2.9 3.48 4.06 4.64 5.22 5.8 6.38 6.96 7.54 8.12 8.7 9.28 9.86 10.44 11.02 11.6 12.18 12.76 13.34 13.92 14.5 15.08 15.66 16.24 16.82 17.4 17.98 18.56 19.14 19.72 20.3 20.88 21.46 22.04 22.62 23.2 23.78 24.36 23.94 23.52 23.1 22.68 22.26 21.84 21.42 21 20.58 20.16 19.74 19.32 18.9 18.48 18.06 17.64 17.22 16.8 16.38 15.96 15.54 15.12 14.7 14.28 13.86 13.44 13.02 12.6 12.18 11.76 11.34 10.92 10.5 10.08 9.66 9.24 8.82 8.4 7.98 7.56 7.14 6.72 6.3 5.88 5.46 5.04 4.62 4.2 3.78 3.36 2.94 2.52 2.1 1.68 1.26 0.84 0.42 
0.57 1.14 1.71 2.28 2.85 3.42 3.99 4.56 5.13 5.7 6.27 6.84 7.41 7.98 8.55 9.12 9.69 10.26 10.83 11.4 11.97 12.54 13.11 13.68 14.25 14.82 15.39 15.96 16.53 17.1 17.67 18.24 18.81 19.38 19.95 20.52 21.09 21.66 22.23 22.8 23.37 23.94 24.51 24.08 23.65 23.22 22.79 22.36 21.93 21.5 21.07 20.64 20.21 19.78 19.35 18.92 18.49 18.06 17.63 17.2 16.77 16.34 15.91 15.48 15.05 14.62 14.19 13.76 13.33 12.9 12.47 12.04 11.61 11.18 10.75 10.32 9.89 9.46 9.03 8.6 8.17 7.74 7.31 6.88 6.45 6.02 5.59 5.16 4.73 4.3 3.87 3.44 3.01 2.58 2.15 1.72 1.29 0.86 0.43 
0.56 1.12 1.68 2.24 2.8 3.36 3.92 4.48 5.04 5.6 6.16 6.72 7.28 7.84 8.4 8.96 9.52 10.08 10.64 11.2 11.76 12.32 12.88 13.44 14 14.56 15.12 15.68 16.24 16.8 17.36 17.92 18.48 19.04 19.6 20.16 20.72 21.28 21.84 22.4 22.96 23.52 24.08 24.64 24.2 23.76 23.32 22.88 22.44 22 21.56 21.12 20.68 20.24 19.8 19.36 18.92 18.48 18.04 17.6 17.16 16.72 16.28 15.84 15.4 14.96 14.52 14.08 13.64 13.2 12.76 12.32 11.88 11.44 11 10.56 10.12 9.68 9.24 8.8 8.36 7.92 7.48 7.04 6.6 6.16 5.72 5.28 4.84 4.4 3.96 3.52 3.08 2.64 2.2 1.76 1.32 0.88 0.44 
0.55 1.1 1.65 2.2 2.75 3.3 3.85 4.4 4.95 5.5 6.05 6.6 7.15 7.7 8.25 8.8 9.35 9.9 10.45 11 11.55 12.1 12.65 13.2 13.75 14.3 14.85 15.4 15.95 16.5 17.05 17.6 18.15 18.7 19.25 19.8 20.35 20.9 21.45 22 22.55 23.1 23.65 24.2 24.75 24.3 23.85 23.4 22.95 22.5 22.05 21.6 21.15 20.7 20.25 19.8 19.35 18.9 18.45 18 17.55 17.1 16.65 16.2 15.75 15.3 14.85 14.4 13.95 13.5 13.05 12.6 12.15 11.7 11.25 10.8 10.35 9.9 9.45 9 8.55 8.1 7.65 7.2 6.75 6.3 5.85 5.4 4.95 4.5 4.05 3.6 3.15 2.7 2.25 1.8 1.35 0.9 0.45 
0.54 1.08 1.62 2.16 2.7 3.24 3.78 4.32 4.86 5.4 5.94 6.48 7.02 7.56 8.1 8.64 9.18 9.72 10.26 10.8 11.34 11.88 12.42 12.96 13.5 14.04 14.58 15.12 15.66 16.2 16.74 17.28 17.82 18.36 18.9 19.44 19.98 20.52 21.06 21.6 22.14 22.68 23.22 23.76 24.3 24.84 24.38 23.92 23.46 23 22.54 22.08 21.62 21.16 20.7 20.24 19.78 19.32 18.86 18.4 17.94 17.48 17.02 16.56 16.1 15.64 15.18 14.72 14.26 13.8 13.34 12.88 12.42 11.96 11.5 11.04 10.58 10.12 9.66 9.2 8.74 8.28 7.82 7.36 6.9 6.44 5.98 5.52 5.06 4.6 4.14 3.68 3.22 2.76 2.3 1.84 1.38 0.92 0.46 
0.53 1.06 1.59 2.12 2.65 3.18 3.71 4.24 4.77 5.3 5.83 6.36 6.89 7.42 7.95 8.48 9.01 9.54 10.07 10.6 11.13 11.66 12.19 12.72 13.25 13.78 14.31 14.84 15.37 15.9 16.43 16.96 17.49 18.02 18.55 19.08 19.61 20.14 20.67 21.2 21.73 22.26 22.79 23.32 23.85 24.38 24.91 24.44 23.97 23.5 23.03 22.56 22.09 21.62 21.15 20.68 20.21 19.74 19.27 18.8 18.33 17.86 17.39 16.92 16.45 15.98 15.51 15.04 14.57 14.1 13.63 13.16 12.69 12.22 11.75 11.28 10.81 10.34 9.87 9.4 8.93 8.46 7.99 7.52 7.05 6.58 6.11 5.64 5.17 4.7 4.23 3.76 3.29 2.82 2.35 1.88 1.41 0.94 0.47 
0.52 1.04 1.56 2.08 2.6 3.12 3.64 4.16 4.68 5.2 5.72 6.24 6.76 7.28 7.8 8.32 8.84 9.36 9.88 10.4 10.92 11.44 11.96 12.48 13 13.52 14.04 14.56 15.08 15.6 16.12 16.64 17.16 17.68 18.2 18.72 19.24 19.76 20.28 20.8 21.32 21.84 22.36 22.88 23.4 23.92 24.44 24.96 24.48 24 23.52 23.04 22.56 22.08 21.6 21.12 20.64 20.16 19.68 19.2 18.72 18.24 17.76 17.28 16.8 16.32 15.84 15.36 14.88 14.4 13.92 13.44 12.96 12.48 12 11.52 11.04 10.56 10.08 9.6 9.12 8.64 8.16 7.68 7.2 6.72 6.24 5.76 5.28 4.8 4.32 3.84 3.36 2.88 2.4 1.92 1.44 0.96 0.48 
0.51 1.02 1.53 2.04 2.55 3.06 3.57 4.08 4.59 5.1 5.61 6.12 6.63 7.14 7.65 8.16 8.67 9.18 9.69 10.2 10.71 11.22 11.73 12.24 12.75 13.26 13.77 14.28 14.79 15.3 15.81 16.32 16.83 17.34 17.85 18.36 18.87 19.38 19.89 20.4 20.91 21.42 21.93 22.44 22.95 23.46 23.97 24.48 24.99 24.5 24.01 23.52 23.03 22.54 22.05 21.56 21.07 20.58 20.09 19.6 19.11 18.62 18.13 17.64 17.15 16.66 16.17 15.68 15.19 14.7 14.21 13.72 13.23 12.74 12.25 11.76 11.27 10.78 10.29 9.8 9.31 8.82 8.33 7.84 7.35 6.86 6.37 5.88 5.39 4.9 4.41 3.92 3.43 2.94 2.45 1.96 1.47 0.98 0.49 
0.5 1 1.5 2 2.5 3 3.5 4 4.5 5 5.5 6 6.5 7 7.5 8 8.5 9 9.5 10 10.5 11 11.5 12 12.5 13 13.5 14 14.5 15 15.5 16 16.5 17 17.5 18 18.5 19 19.5 20 20.5 21 21.5 22 22.5 23 23.5 24 24.5 25 24.5 24 23.5 23 22.5 22 21.5 21 20.5 20 19.5 19 18.5 18 17.5 17 16.5 16 15.5 15 14.5 14 13.5 13 12.5 12 11.5 11 10.5 10 9.5 9 8.5 8 7.5 7 6.5 6 5.5 5 4.5 4 3.5 3 2.5 2 1.5 1 0.5 
0.49 0.98 1.47 1.96 2.45 2.94 3.43 3.92 4.41 4.9 5.39 5.88 6.37 6.86 7.35 7.84 8.33 8.82 9.31 9.8 10.29 10.78 11.27 11.76 12.25 12.74 13.23 13.72 14.21 14.7 15.19 15.68 16.17 16.66 17.15 17.64 18.13 18.62 19.11 19.6 20.09 20.58 21.07 21.56 22.05 22.54 23.03 23.52 24.01 24.5 24.99 24.48 23.97 23.46 22.95 22.44 21.93 21.42 20.91 20.4 19.89 19.38 18.87 18.36 17.85 17.34 16.83 16.32 15.81 15.3 14.79 14.28 13.77 13.26 12.75 12.24 11.73 11.22 10.71 10.2 9.69 9.18 8.67 8.16 7.65 7.14 6.63 6.12 5.61 5.1 4.59 4.08 3.57 3.06 2.55 2.04 1.53 1.02 0.51 
0.48 0.96 1.44 1.92 2.4 2.88 3.36 3.84 4.32 4.8 5.28 5.76 6.24 6.72 7.2 7.68 8.16 8.64 9.12 9.6 10.08 10.56 11.04 11.52 12 12.48 12.96 13.44 13.92 14.4 14.88 15.36 15.84 16.32 16.8 17.28 17.76 18.24 18.72 19.2 19.68 20.16 20.64 21.12 21.6 22.08 22.56 23.04 23.52 24 24.48 24.96 24.44 23.92 23.4 22.88 22.36 21.84 21.32 20.8 20.28 19.76 19.24 18.72 18.2 17.68 17.16 16.64 16.12 15.6 15.08 14.56 14.04 13.52 13 12.48 11.96 11.44 10.92 10.4 9.88 9.36 8.84 8.32 7.8 7.28 6.76 6.24 5.72 5.2 4.68 4.16 3.64 3.12 2.6 2.08 1.56 1.04 0.52 
0.47 0.94 1.41 1.88 2.35 2.82 3.29 3.76 4.23 4.7 5.17 5.64 6.11 6.58 7.05 7.52 7.99 8.46 8.93 9.4 9.87 10.34 10.81 11.28 11.75 12.22 12.69 13.16 13.63 14.1 14.57 15.04 15.51 15.98 16.45 16.92 17.39 17.86 18.33 18.8 19.27 19.74 20.21 20.68 21.15 21.62 22.09 22.56 23.03 23.5 23.97 24.44 24.91 24.38 23.85 23.32 22.79 22.26 21.73 21.2 20.67 20.14 19.61 19.08 18.55 18.02 17.49 16.96 16.43 15.9 15.37 14.84 14.31 13.78 13.25 12.72 12.19 11.66 11.13 10.6 10.07 9.54 9.01 8.48 7.95 7.42 6.89 6.36 5.83 5.3 4.77 4.24 3.71 3.18 2.65 2.12 1.59 1.06 0.53 
0.46 0.92 1.38 1.84 2.3 2.76 3.22 3.68 4.14 4.6 5.06 5.52 5.98 6.44 6.9 7.36 7.82 8.28 8.74 9.2 9.66 10.12 10.58 11.04 11.5 11.96 12.42 12.88 13.34 13.8 14.26 14.72 15.18 15.64 16.1 16.56 17.02 17.48 17.94 18.4 18.86 19.32 19.78 20.24 20.7 21.16 21.62 22.08 22.54 23 23.46 23.92 24.38 24.84 24.3 23.76 23.22 22.68 22.14 21.6 21.06 20.52 19.98 19.44 18.9 18.36 17.82 17.28 16.74 16.2 15.66 15.12 14.58 14.04 13.5 12.96 12.42 11.88 11.34 10.8 10.26 9.72 9.18 8.64 8.1 7.56 7.02 6.48 5.94 5.4 4.86 4.32 3.78 3.24 2.7 2.16 1.62 1.08 0.54 
0.45 0.9 1.35 1.8 2.25 2.7 3.15 3.6 4.05 4.5 4.95 5.4 5.85 6.3 6.75 7.2 7.65 8.1 8.55 9 9.45 9.9 10.35 10.8 11.25 11.7 12.15 12.6 13.05 13.5 13.95 14.4 14.85 15.3 15.75 16.2 16.65 17.1 17.55 18 18.45 18.9 19.35 19.8 20.25 20.7 21.15 21.6 22.05 22.5 22.95 23.4 23.85 24.3 24.75 24.2 23.65 23.1 22.55 22 21.45 20.9 20.35 19.8 19.25 18.7 18.15 17.6 17.05 16.5 15.95 15.4 14.85 14.3 13.75 13.2 12.65 12.1 11.55 11 10.45 9.9 9.35 8.8 8.25 7.7 7.15 6.6 6.05 5.5 4.95 4.4 3.85 3.3 2.75 2.2 1.65 1.1 0.55 
0.44 0.88 1.32 1.76 2.2 2.64 3.08 3.52 3.96 4.4 4.84 5.28 5.72 6.16 6.6 7.04 7.48 7.92 8.36 8.8 9.24 9.68 10.12 10.56 11 11.44 11.88 12.32 12.76 13.2 13.64 14.08 14.52 14.96 15.4 15.84 16.28 16.72 17.16 17.6 18.04 18.48 18.92 19.36 19.8 20.24 20.68 21.12 21.56 22 22.44 22.88 23.32 23.76 24.2 24.64 24.08 23.52 22.96 22.4 21.84 21.28 20.72 20.16 19.6 19.04 18.48 17.92 17.36 16.8 16.24 15.68 15.12 14.56 14 13.44 12.88 12.32 11.76 11.2 10.64 10.08 9.52 8.96 8.4 7.84 7.28 6.72 6.16 5.6 5.04 4.48 3.92 3.36 2.8 2.24 1.68 1.12 0.56 
0.43 0.86 1.29 1.72 2.15 2.58 3.01 3.44 3.87 4.3 4.73 5.16 5.59 6.02 6.45 6.88 7.31 7.74 8.17 8.6 9.03 9.46 9.89 10.32 10.75 11.18 11.61 12.04 12.47 12.9 13.33 13.76 14.19 14.62 15.05 15.48 15.91 16.34 16.77 17.2 17.63 18.06 18.49 18.92 19.35 19.78 20.21 20.64 21.07 21.5 21.93 22.36 22.79 23.22 23.65 24.08 24.51 23.94 23.37 22.8 22.23 21.66 21.09 20.52 19.95 19.38 18.81 18.24 17.67 17.1 16.53 15.96 15.39 14.82 14.25 13.68 13.11 12.54 11.97 11.4 10.83 10.26 9.69 9.12 8.55 7.98 7.41 6.84 6.27 5.7 5.13 4.56 3.99 3.42 2.85 2.28 1.71 1.14 0.57 
0.42 0.84 1.26 1.68 2.1 2.52 2.94 3.36 3.78 4.2 4.62 5.04 5.46 5.88 6.3 6.72 7.14 7.56 7.98 8.4 8.82 9.24 9.66 10.08 10.5 10.92 11.34 11.76 12.18 12.6 13.02 13.44 13.86 14.28 14.7 15.12 15.54 15.96 16.38 16.8 17.22 17.64 18.06 18.48 18.9 19.32 19.74 20.16 20.58 21 21.42 21.84 22.26 22.68 23.1 23.52 23.94 24.36 23.78 23.2 22.62 22.04 21.46 20.88 20.3 19.72 19.14 18.56 17.98 17.4 16.82 16.24 15.66 15.08 14.5 13.92 13.34 12.76 12.18 11.6 11.02 10.44 9.86 9.28 8.7 8.12 7.54 6.96 6.38 5.8 5.22 4.64 4.06 3.48 2.9 2.32 1.74 1.16 0.58 
0.41 0.82 1.23 1.64 2.05 2.46 2.87 3.28 3.69 4.1 4.51 4.92 5.33 5.74 6.15 6.56 6.97 7.38 7.79 8.2 8.61 9.02 9.43 9.84 10.25 10.66 11.07 11.48 11.89 12.3 12.71 13.12 13.53 13.94 14.35 14.76 15.17 15.58 15.99 16.4 16.81 17.22 17.63 18.04 18.45 18.86 19.27 19.68 20.09 20.5 20.91 21.32 21.73 22.14 22.55 22.96 23.37 23.78 24.19 23.6 23.01 22.42 21.83 21.24 20.65 20.06 19.47 18.88 18.29 17.7 17.11 16.52 15.93 15.34 14.75 14.16 13.57 12.98 12.39 11.8 11.21 10.62 10.03 9.44 8.85 8.26 7.67 7.08 6.49 5.9 5.31 4.72 4.13 3.54 2.95 2.36 1.77 1.18 0.59 
0.4 0.8 1.2 1.6 2 2.4 2.8 3.2 3.6 4 4.4 4.8 5.2 5.6 6 6.4 6.8 7.2 7.6 8 8.4 8.8 9.2 9.6 10 10.4 10.8 11.2 11.6 12 12.4 12.8 13.2 13.6 14 14.4 14.8 15.2 15.6 16 16.4 16.8 17.2 17.6 18 18.4 18.8 19.2 19.6 20 20.4 20.8 21.2 21.6 22 22.4 22.8 23.2 23.6 24 23.4 22.8 22.2 21.6 21 20.4 19.8 19.2 18.6 18 17.4 16.8 16.2 15.6 15 14.4 13.8 13.2 12.6 12 11.4 10.8 10.2 9.6 9 8.4 7.8 7.2 6.6 6 5.4 4.8 4.2 3.6 3 2.4 1.8 1.2 0.6 
0.39 0.78 1.17 1.56 1.95 2.34 2.73 3.12 3.51 3.9 4.29 4.68 5.07 5.46 5.85 6.24 6.63 7.02 7.41 7.8 8.19 8.58 8.97 9.36 9.75 10.14 10.53 10.92 11.31 11.7 12.09 12.48 12.87 13.26 13.65 14.04 14.43 14.82 15.21 15.6 15.99 16.38 16.77 17.16 17.55 17.94 18.33 18.72 19.11 19.5 19.89 20.28 20.67 21.06 21.45 21.84 22.23 22.62 23.01 23.4 23.79 23.18 22.57 21.96 21.35 20.74 20.13 19.52 18.91 18.3 17.69 17.08 16.47 15.86 15.25 14.64 14.03 13.42 12.81 12.2 11.59 10.98 10.37 9.76 9.15 8.54 7.93 7.32 6.71 6.1 5.49 4.88 4.27 3.66 3.05 2.44 1.83 1.22 0.61 
0.38 0.76 1.14 1.52 1.9 2.28 2.66 3.04 3.42 3.8 4.18 4.56 4.94 5.32 5.7 6.08 6.46 6.84 7.22 7.6 7.98 8.36 8.74 9.12 9.5 9.88 10.26 10.64 11.02 11.4 11.78 12.16 12.54 12.92 13.3 13.68 14.06 14.44 14.82 15.2 15.58 15.96 16.34 16.72 17.1 17.48 17.86 18.24 18.62 19 19.38 19.76 20.14 20.52 20.9 21.28 21.66 22.04 22.42 22.8 23.18 23.56 22.94 22.32 21.7 21.08 20.46 19.84 19.22 18.6 17.98 17.36 16.74 16.12 15.5 14.88 14.26 13.64 13.02 12.4 11.78 11.16 10.54 9.92 9.3 8.68 8.06 7.44 6.82 6.2 5.58 4.96 4.34 3.72 3.1 2.48 1.86 1.24 0.62 
0.37 0.74 1.11 1.48 1.85 2.22 2.59 2.96 3.33 3.7 4.07 4.44 4.81 5.18 5.55 5.92 6.29 6.66 7.03 7.4 7.77 8.14 8.51 8.88 9.25 9.62 9.99 10.36 10.73 11.1 11.47 11.84 12.21 12.58 12.95 13.32 13.69 14.06 14.43 14.8 15.17 15.54 15.91 16.28 16.65 17.02 17.39 17.76 18.13 18.5 18.87 19.24 19.61 19.98 20.35 20.72 21.09 21.46 21.83 22.2 22.57 22.94 23.31 22.68 22.05 21.42 20.79 20.16 19.53 18.9 18.27 17.64 17.01 16.38 15.75 15.12 14.49 13.86 13.23 12.6 11.97 11.34 10.71 10.08 9.45 8.82 8.19 7.56 6.93 6.3 5.67 5.04 4.41 3.78 3.15 2.52 1.89 1.26 0.63 
0.36 0.72 1.08 1.44 1.8 2.16 2.52 2.88 3.24 3.6 3.96 4.32 4.68 5.04 5.4 5.76 6.12 6.48 6.84 7.2 7.56 7.92 8.28 8.64 9 9.36 9.72 10.08 10.44 10.8 11.16 11.52 11.88 12.24 12.6 12.96 13.32 13.68 14.04 14.4 14.76 15.12 15.48 15.84 16.2 16.56 16.92 17.28 17.64 18 18.36 18.72 19.08 19.44 19.8 20.16 20.52 20.88 21.24 21.6 21.96 22.32 22.68 23.04 22.4 21.76 21.12 20.48 19.84 19.2 18.56 17.92 17.28 16.64 16 15.36 14.72 14.08 13.44 12.8 12.16 11.52 10.88 10.24 9.6 8.96 8.32 7.68 7.04 6.4 5.76 5.12 4.48 3.84 3.2 2.56 1.92 1.28 0.64 
0.35 0.7 1.05 1.4 1.75 2.1 2.45 2.8 3.15 3.5 3.85 4.2 4.55 4.9 5.25 5.6 5.95 6.3 6.65 7 7.35 7.7 8.05 8.4 8.75 9.1 9.45 9.8 10.15 10.5 10.85 11.2 11.55 11.9 12.25 12.6 12.95 13.3 13.65 14 14.35 14.7 15.05 15.4 15.75 16.1 16.45 16.8 17.15 17.5 17.85 18.2 18.55 18.9 19.25 19.6 19.95 20.3 20.65 21 21.35 21.7 22.05 22.4 22.75 22.1 21.45 20.8 20.15 19.5 18.85 18.2 17.55 16.9 16.25 15.6 14.95 14.3 13.65 13 12.35 11.7 11.05 10.4 9.75 9.1 8.45 7.8 7.15 6.5 5.85 5.2 4.55 3.9 3.25 2.6 1.95 1.3 0.65 
0.34 0.68 1.02 1.36 1.7 2.04 2.38 2.72 3.06 3.4 3.74 4.08 4.42 4.76 5.1 5.44 5.78 6.12 6.46 6.8 7.14 7.48 7.82 8.16 8.5 8.84 9.18 9.52 9.86 10.2 10.54 10.88 11.22 11.56 11.9 12.24 12.58 12.92 13.26 13.6 13.94 14.28 14.62 14.96 15.3 15.64 15.98 16.32 16.66 17 17.34 17.68 18.02 18.36 18.7 19.04 19.38 19.72 20.06 20.4 20.74 21.08 21.42 21.76 22.1 22.44 21.78 21.12 20.46 19.8 19.14 18.48 17.82 17.16 16.5 15.84 15.18 14.52 13.86 13.2 12.54 11.88 11.22 10.56 9.9 9.24 8.58 7.92 7.26 6.6 5.94 5.28 4.62 3.96 3.3 2.64 1.98 1.32 0.66 
0.33 0.66 0.99 1.32 1.65 1.98 2.31 2.64 2.97 3.3 3.63 3.96 4.29 4.62 4.95 5.28 5.61 5.94 6.27 6.6 6.93 7.26 7.59 7.92 8.25 8.58 8.91 9.24 9.57 9.9 10.23 10.56 10.89 11.22 11.55 11.88 12.21 12.54 12.87 13.2 13.53 13.86 14.19 14.52 14.85 15.18 15.51 15.84 16.17 16.5 16.83 17.16 17.49 17.82 18.15 18.48 18.81 19.14 19.47 19.8 20.13 20.46 20.79 21.12 21.45 21.78 22.11 21.44 20.77 20.1 19.43 18.76 18.09 17.42 16.75 16.08 15.41 14.74 14.07 13.4 12.73 12.06 11.39 10.72 10.05 9.38 8.71 8.04 7.37 6.7 6.03 5.36 4.69 4.02 3.35 2.68 2.01 1.34 0.67 
0.32 0.64 0.96 1.28 1.6 1.92 2.24 2.56 2.88 3.2 3.52 3.84 4.16 4.48 4.8 5.12 5.44 5.76 6.08 6.4 6.72 7.04 7.36 7.68 8 8.32 8.64 8.96 9.28 9.6 9.92 10.24 10.56 10.88 11.2 11.52 11.84 12.16 12.48 12.8 13.12 13.44 13.76 14.08 14.4 14.72 15.04 15.36 15.68 16 16.32 16.64 16.96 17.28 17.6 17.92 18.24 18.56 18.88 19.2 19.52 19.84 20.16 20.48 20.8 21.12 21.44 21.76 21.08 20.4 19.72 19.04 18.36 17.68 17 16.32 15.64 14.96 14.28 13.6 12.92 12.24 11.56 10.88 10.2 9.52 8.84 8.16 7.48 6.8 6.12 5.44 4.76 4.08 3.4 2.72 2.04 1.36 0.68 
0.31 0.62 0.93 1.24 1.55 1.86 2.17 2.48 2.79 3.1 3.41 3.72 4.03 4.34 4.65 4.96 5.27 5.58 5.89 6.2 6.51 6.82 7.13 7.44 7.75 8.06 8.37 8.68 8.99 9.3 9.61 9.92 10.23 10.54 10.85 11.16 11.47 11.78 12.09 12.4 12.71 13.02 13.33 13.64 13.95 14.26 14.57 14.88 15.19 15.5 15.81 16.12 16.43 16.74 17.05 17.36 17.67 17.98 18.29 18.6 18.91 19.22 19.53 19.84 20.15 20.46 20.77 21.08 21.39 20.7 20.01 19.32 18.63 17.94 17.25 16.56 15.87 15.18 14.49 13.8 13.11 12.42 11.73 11.04 10.35 9.66 8.97 8.28 7.59 6.9 6.21 5.52 4.83 4.14 3.45 2.76 2.07 1.38 0.69 
0.3 0.6 0.9 1.2 1.5 1.8 2.1 2.4 2.7 3 3.3 3.6 3.9 4.2 4.5 4.8 5.1 5.4 5.7 6 6.3 6.6 6.9 7.2 7.5 7.8 8.1 8.4 8.7 9 9.3 9.6 9.9 10.2 10.5 10.8 11.1 11.4 11.7 12 12.3 12.6 12.9 13.2 13.5 13.8 14.1 14.4 14.7 15 15.3 15.6 15.9 16.2 16.5 16.8 17.1 17.4 17.7 18 18.3 18.6 18.9 19.2 19.5 19.8 20.1 20.4 20.7 21 20.3 19.6 18.9 18.2 17.5 16.8 16.1 15.4 14.7 14 13.3 12.6 11.9 11.2 10.5 9.8 9.1 8.4 7.7 7 6.3 5.6 4.9 4.2 3.5 2.8 2.1 1.4 0.7 
0.29 0.58 0.87 1.16 1.45 1.74 2.03 2.32 2.61 2.9 3.19 3.48 3.77 4.06 4.35 4.64 4.93 5.22 5.51 5.8 6.09 6.38 6.67 6.96 7.25 7.54 7.83 8.12 8.41 8.7 8.99 9.28 9.57 9.86 10.15 10.44 10.73 11.02 11.31 11.6 11.89 12.18 12.47 12.76 13.05 13.34 13.63 13.92 14.21 14.5 14.79 15.08 15.37 15.66 15.95 16.24 16.53 16.82 17.11 17.4 17.69 17.98 18.27 18.56 18.85 19.14 19.43 19.72 20.01 20.3 20.59 19.88 19.17 18.46 17.75 17.04 16.33 15.62 14.91 14.2 13.49 12.78 12.07 11.36 10.65 9.94 9.23 8.52 7.81 7.1 6.39 5.68 4.97 4.26 3.55 2.84 2.13 1.42 0.71 
0.28 0.56 0.84 1.12 1.4 1.68 1.96 2.24 2.52 2.8 3.08 3.36 3.64 3.92 4.2 4.48 4.76 5.04 5.32 5.6 5.88 6.16 6.44 6.72 7 7.28 7.56 7.84 8.12 8.4 8.68 8.96 9.24 9.52 9.8 10.08 10.36 10.64 10.92 11.2 11.48 11.76 12.04 12.32 12.6 12.88 13.16 13.44 13.72 14 14.28 14.56 14.84 15.12 15.4 15.68 15.96 16.24 16.52 16.8 17.08 17.36 17.64 17.92 18.2 18.48 18.76 19.04 19.32 19.6 19.88 20.16 19.44 18.72 18 17.28 16.56 15.84 15.12 14.4 13.68 12.96 12.24 11.52 10.8 10.08 9.36 8.64 7.92 7.2 6.48 5.76 5.04 4.32 3.6 2.88 2.16 1.44 0.72 
0.27 0.54 0.81 1.08 1.35 1.62 1.89 2.16 2.43 2.7 2.97 3.24 3.51 3.78 4.05 4.32 4.59 4.86 5.13 5.4 5.67 5.94 6.21 6.48 6.75 7.02 7.29 7.56 7.83 8.1 8.37 8.64 8.91 9.18 9.45 9.72 9.99 10.26 10.53 10.8 11.07 11.34 11.61 11.88 12.15 12.42 12.69 12.96 13.23 13.5 13.77 14.04 14.31 14.58 14.85 15.12 15.39 15.66 15.93 16.2 16.47 16.74 17.01 17.28 17.55 17.82 18.09 18.36 18.63 18.9 19.17 19.44 19.71 18.98 18.25 17.52 16.79 16.06 15.33 14.6 13.87 13.14 12.41 11.68 10.95 10.22 9.49 8.76 8.03 7.3 6.57 5.84 5.11 4.38 3.65 2.92 2.19 1.46 0.73 
0.26 0.52 0.78 1.04 1.3 1.56 1.82 2.08 2.34 2.6 2.86 3.12 3.38 3.64 3.9 4.16 4.42 4.68 4.94 5.2 5.46 5.72 5.98 6.24 6.5 6.76 7.02 7.28 7.54 7.8 8.06 8.32 8.58 8.84 9.1 9.36 9.62 9.88 10.14 10.4 10.66 10.92 11.18 11.44 11.7 11.96 12.22 12.48 12.74 13 13.26 13.52 13.78 14.04 14.3 14.56 14.82 15.08 15.34 15.6 15.86 16.12 16.38 16.64 16.9 17.16 17.42 17.68 17.94 18.2 18.46 18.72 18.98 19.24 18.5 17.76 17.02 16.28 15.54 14.8 14.06 13.32 12.58 11.84 11.1 10.36 9.62 8.88 8.14 7.4 6.66 5.92 5.18 4.44 3.7 2.96 2.22 1.48 0.74 
0.25 0.5 0.75 1 1.25 1.5 1.75 2 2.25 2.5 2.75 3 3.25 3.5 3.75 4 4.25 4.5 4.75 5 5.25 5.5 5.75 6 6.25 6.5 6.75 7 7.25 7.5 7.75 8 8.25 8.5 8.75 9 9.25 9.5 9.75 10 10.25 10.5 10.75 11 11.25 11.5 11.75 12 12.25 12.5 12.75 13 13.25 13.5 13.75 14 14.25 14.5 14.75 15 15.25 15.5 15.75 16 16.25 16.5 16.75 17 17.25 17.5 17.75 18 18.25 18.5 18.75 18 17.25 16.5 15.75 15 14.25 13.5 12.75 12 11.25 10.5 9.75 9 8.25 7.5 6.75 6 5.25 4.5 3.75 3 2.25 1.5 0.75 
0.24 0.48 0.72 0.96 1.2 1.44 1.68 1.92 2.16 2.4 2.64 2.88 3.12 3.36 3.6 3.84 4.08 4.32 4.56 4.8 5.04 5.28 5.52 5.76 6 6.24 6.48 6.72 6.96 7.2 7.44 7.68 7.92 8.16 8.4 8.64 8.88 9.12 9.36 9.6 9.84 10.08 10.32 10.56 10.8 11.04 11.28 11.52 11.76 12 12.24 12.48 12.72 12.96 13.2 13.44 13.68 13.92 14.16 14.4 14.64 14.88 15.12 15.36 15.6 15.84 16.08 16.32 16.56 16.8 17.04 17.28 17.52 17.76 18 18.24 17.48 16.72 15.96 15.2 14.44 13.68 12.92 12.16 11.4 10.64 9.88 9.12 8.36 7.6 6.84 6.08 5.32 4.56 3.8 3.04 2.28 1.52 0.76 
0.23 0.46 0.69 0.92 1.15 1.38 1.61 1.84 2.07 2.3 2.53 2.76 2.99 3.22 3.45 3.68 3.91 4.14 4.37 4.6 4.83 5.06 5.29 5.52 5.75 5.98 6.21 6.44 6.67 6.9 7.13 7.36 7.59 7.82 8.05 8.28 8.51 8.74 8.97 9.2 9.43 9.66 9.89 10.12 10.35 10.58 10.81 11.04 11.27 11.5 11.73 11.96 12.19 12.42 12.65 12.88 13.11 13.34 13.57 13.8 14.03 14.26 14.49 14.72 14.95 15.18 15.41 15.64 15.87 16.1 16.33 16.56 16.79 17.02 17.25 17.48 17.71 16.94 16.17 15.4 14.63 13.86 13.09 12.32 11.55 10.78 10.01 9.24 8.47 7.7 6.93 6.16 5.39 4.62 3.85 3.08 2.31 1.54 0.77 
0.22 0.44 0.66 0.88 1.1 1.32 1.54 1.76 1.98 2.2 2.42 2.64 2.86 3.08 3.3 3.52 3.74 3.96 4.18 4.4 4.62 4.84 5.06 5.28 5.5 5.72 5.94 6.16 6.38 6.6 6.82 7.04 7.26 7.48 7.7 7.92 8.14 8.36 8.58 8.8 9.02 9.24 9.46 9.68 9.9 10.12 10.34 10.56 10.78 11 11.22 11.44 11.66 11.88 12.1 12.32 12.54 12.76 12.98 13.2 13.42 13.64 13.86 14.08 14.3 14.52 14.74 14.96 15.18 15.4 15.62 15.84 16.06 16.28 16.5 16.72 16.94 17.16 16.38 15.6 14.82 14.04 13.26 12.48 11.7 10.92 10.14 9.36 8.58 7.8 7.02 6.24 5.46 4.68 3.9 3.12 2.34 1.56 0.78 
